$ANSIBLE_VAULT;1.1;AES256
34636538303464643531643936343162656237386264613561366365623062613765353130353433
3636386462306562633836323735386431633934323034620a363464333432353364613131633933
38366266396531643137616331313933306338643432626534626362623238333837633665316333
3736623961616638610a336632643664316232646334663362386238613934633762323933376336
35666232306364626531633531386363323730656264343135373032643662653038653437663461
62613765323365323762343833373966313333376565363632346331643330643339383439373562
30346234333833333766353566663833316563613030346232633032393136646232323061313864
37323364306466363135636636336235663637343330663538643264383732386330626566626362
32333833393166323866396662343264633635663537633030396332623031373264616665656531
32363765333735656265643362333062303432386665326434383161313765333038333831326533
64373661616463396135363630396535623034396635636364643531623265393562323766386536
35303631663731346236386538396462303965316636373636363531393766386634626232306362
3636
